-83.6614 43.64
-83.8045 43.6672
-83.8606 43.8955
-83.6411 43.7377
-83.6599 43.64
-83.806 43.6673
-83.8595 43.8952
-83.6394 43.7379
-83.6607 43.6406
-83.8067 43.6679
-83.7921 43.8386
-83.6394 43.7373
-83.6694 43.6638
-83.8093 43.6662
-83.8605 43.8952
-83.6414 43.7384
-83.6511 43.6406
-83.8064 43.6675
-83.8587 43.8948
-83.6413 43.7385
-83.6612 43.64
-83.8078 43.6675
-83.8593 43.8965
-83.6415 43.738
-83.5025 43.7876
-83.9087 43.7326
-83.6619 43.6407
-83.8079 43.6675
-83.6401 43.7379
-83.5259 43.8946
-83.6619 43.6407
-83.8079 43.6675
-83.6401 43.7379
-83.5259 43.8946
-83.664 43.6417
-83.8078 43.6664
-83.8603 43.895
-83.6408 43.7385
-83.6636 43.6406
-83.8065 43.6701
-83.8607 43.895
-83.6408 43.7369
-83.6589 43.6423
-83.8034 43.6662
-83.8615 43.8965
-83.6391 43.741
-83.6617 43.64
-83.8065 43.666
-83.8606 43.8952
-83.6412 43.7386
-83.6606 43.6401
-83.8069 43.6663
-83.8607 43.895
-83.641 43.7384
-83.6614 43.6403
-83.8065 43.6673
-83.8604 43.8948
-83.6403 43.7384
-83.6633 43.6428
-83.806 43.8064
-83.859 43.8936
-83.6412 43.7386
-83.6622 43.64
-83.8067 43.6768
-83.8605 43.895
-83.6408 43.7384
-83.666 43.6421
-83.8064 43.6669
-83.8606 43.8955
-83.6407 43.7384
-83.6616 43.6408
-83.8068 43.6672
-83.8598 43.8952
-83.6408 43.7385
-83.6611 43.6401
-83.8068 43.6668
-83.8599 43.8947
-83.6405 43.7376
-83.6614 43.6397
-83.808 43.6666
-83.852 43.8942
-83.6412 43.737
-83.6649 43.6405
-83.8063 43.666
-83.8486 43.8953
-83.6421 43.7381
-83.656 43.6317
-83.8068 43.6667
-83.8844 43.9062
-83.6565 43.7486
-83.6697 43.6387
-83.8068 43.6666
-83.8593 43.8944
-83.6394 43.7379
-83.6615 43.6403
-83.8066 43.667
-83.8607 43.8944
-83.1407 43.7385
-83.6623 43.6402
-83.807 43.6667
-83.8604 43.8947
-83.6408 43.7386
-83.6619 43.6402
-83.8065 43.6666
-83.8608 43.8952
-83.641 43.7381
-83.6615 43.641
-83.8082 43.6674
-83.8598 43.896
-83.64 43.738
-83.661 43.6402
-83.8068 43.6666
-83.8766 43.7376
-83.8605 43.8953
-83.641 43.7384
-83.6624 43.6404
-83.8071 43.6665
-83.8771 43.7373
-83.8619 43.8949
-83.6414 43.7385
-83.6605 43.6399
-83.8053 43.6666
-83.8761 43.7374
-83.8607 43.8945
-83.6421 43.7387
-83.6626 43.6389
-83.8094 43.667
-83.8773 43.7377
-83.8587 43.8923
-83.654 43.6704
-83.7623 43.6672
-83.875 43.7316
-83.8468 43.894
-83.6854 43.7678
-83.661 43.6393
-83.8068 43.6667
-83.8765 43.7371
-83.8611 43.8944
-83.6409 43.7383
-83.661 43.6398
-83.8068 43.6667
-83.8758 43.7381
-83.8605 43.8952
-83.6408 43.7383
-83.6613 43.6396
-83.8068 43.6667
-83.8767 43.7375
-83.8605 43.8952
-83.6408 43.7378
-83.6608 43.6398
-83.8056 43.667
-83.8764 43.7378
-83.8614 43.895
-83.6415 43.7375
-83.6619 43.6401
-83.8075 43.6675
-83.8769 43.7374
-83.8649 43.8962
-83.641 43.7385
-83.6607 43.6393
-83.8051 43.6679
-83.8748 43.7392
-83.8566 43.8977
-83.6381 43.7381
-83.6615 43.6439
-83.8079 43.6651
-83.8804 43.7368
-83.8634 43.8952
-83.6414 43.7368
-83.6621 43.5891
-83.8078 43.6673
-83.8776 43.7388
-83.8625 43.8945
-83.6427 43.7373
-83.6623 43.6395
-83.8063 43.6667
-83.8768 43.7371
-83.8601 43.8962
-83.6413 43.7379
-83.6636 43.64
-83.8079 43.6661
-83.8797 43.7371
-83.86 43.8956
-83.6405 43.7379
-83.662 43.6405
-83.8064 43.6683
-83.8775 43.7384
-83.8623 43.8966
-83.6411 43.739
-83.6619 43.6404
-83.8076 43.6671
-83.878 43.7369
-83.8611 43.8961
-83.6404 43.7382
-83.6615 43.6399
-83.8073 43.6675
-83.8768 43.7378
-83.8605 43.8965
-83.64 43.7387
-83.6625 43.6404
-83.8093 43.6674
-83.8773 43.7367
-83.8627 43.896
-83.6405 43.7386
-83.662 43.6402
-83.807 43.6674
-83.877 43.7377
-83.6404 43.7385
-83.6627 43.6407
-83.8082 43.6677
-83.8772 43.7384
-83.8615 43.8972
-83.6619 43.6403
-83.8073 43.6676
-83.8774 43.7382
-83.8613 43.8971
-83.6408 43.7387
-83.6616 43.6402
-83.808 43.6672
-83.8768 43.738
-83.8607 43.8969
-83.6399 43.7384
-83.6621 43.6404
-83.8091 43.668
-83.8777 43.738
-83.8614 43.8965
-83.6417 43.7394
-83.6628 43.64
-83.8086 43.6675
-83.8783 43.7377
-83.8627 43.8962
-83.6409 43.7387
-83.6616 43.6402
-83.8068 43.6672
-83.8772 43.7365
-83.861 43.8967
-83.6404 43.7389
-83.662 43.6416
-83.8068 43.6677
-83.8764 43.7387
-83.8603 43.8968
-83.6403 43.7383
-83.6615 43.6401
-83.8069 43.6674
-83.8774 43.7385
-83.8609 43.8965
-83.6401 43.7386
-83.6614 43.6395
-83.8077 43.6674
-83.8769 43.7374
-83.8611 43.8959
-83.6399 43.7382
-83.6616 43.6418
-83.8076 43.6675
-83.8773 43.7377
-83.8611 43.8968
-83.6413 43.7399
-83.661 43.6401
-83.8067 43.6686
-83.8771 43.7378
-83.6404 43.7388
